Solutions	
458.0	
455.0	
453.0	
452.0	
452.0	
438.0	
419.0	
406.0	
404.0	
403.0	
403.0	
403.0	
404.0	
405.0	
407.0	
409.0	
414.0	
423.0	
429.0	
429.0	
434.0	
433.0	
433.0	
435.0	
432.0	
434.0	
430.0	
438.0	
447.0	
445.0	
455.0	
455.0	
457.0	
463.0	
468.0	
467.0	
477.0	
479.0	
446.0	
442.0	
433.0	
433.0	
433.0	
434.0	
436.0	
429.0	
428.0	
422.0	
422.0	
430.0	
436.0	
445.0	
443.0	
444.0	
450.0	
456.0	
456.0	
447.0	
450.0	
457.0	
448.0	
439.0	
435.0	
440.0	
440.0	
450.0	
452.0	
450.0	
452.0	
458.0	
458.0	
458.0	
460.0	
466.0	
457.0	
460.0	
460.0	
460.0	
460.0	
464.0	
448.0	
443.0	
421.0	
421.0	
427.0	
436.0	
445.0	
447.0	
452.0	
462.0	
475.0	
475.0	
468.0	
455.0	
440.0	
431.0	
434.0	
439.0	
428.0	
428.0	
430.0	
427.0	
437.0	
444.0	
438.0	
428.0	
436.0	
436.0	
438.0	
443.0	
436.0	
436.0	
445.0	
445.0	
434.0	
433.0	
418.0	
426.0	
428.0	
438.0	
437.0	
437.0	
428.0	
427.0	
436.0	
441.0	
448.0	
451.0	
464.0	
477.0	
477.0	
480.0	
478.0	
485.0	
494.0	
508.0	
506.0	
497.0	
492.0	
488.0	
485.0	
475.0	
466.0	
459.0	
459.0	
424.0	
421.0	
427.0	
433.0	
433.0	
434.0	
442.0	
442.0	
451.0	
460.0	
468.0	
470.0	
475.0	
484.0	
494.0	
487.0	
482.0	
474.0	
465.0	
463.0	
456.0	
456.0	
444.0	
448.0	
432.0	
432.0	
431.0	
435.0	
444.0	
459.0	
459.0	
462.0	
461.0	
462.0	
462.0	
472.0	
460.0	
461.0	
452.0	
442.0	
442.0	
447.0	
445.0	
443.0	
424.0	
434.0	
442.0	
435.0	
435.0	
434.0	
440.0	
433.0	
440.0	
442.0	
442.0	
451.0	
450.0	
451.0	
458.0	
465.0	
461.0	
458.0	
468.0	
463.0	
434.0	
